1
3
6
7
8
9
10
11
12
14
17
20
21
23
24
26
27
29
30
33
34
35
37
38
39
40
41
44
45
47
48
50
51
52
53
54
55
58
59
60
61
63
64
65
66
68
69
71
72
73
75
76
81
82
84
85
86
88
91
93
94
96
98
99
100
101
102
103
104
105
106
107
108
109
110
111
112
113
114
116
117
118
119
120
121
122
123
126
127
128
129
130
131
132
133
135
136
137
138
139
140
141
142
145
148
149
150
151
154
156
157
158
159
160
161
163
164
165
167
169
171
172
174
175
176
177
178
179
180
181
182
184
185
186
188
189
190
191
193
196
197
198
199
203
204
208
210
211
213
214
215
217
219
220
222
224
225
226
227
228
229
231
232
233
236
237
239
240
241
242
243
244
246
247
248
249
250
253
254
259
260
261
262
263
266
267
268
269
271
272
274
275
278
279
280
281
282
283
284
285
287
288
289
290
291
294
295
296
298
299
301
304
307
308
309
310
311
312
313
314
315
316
317
319
321
322
324
325
326
328
329
330
331
332
333
336
337
338
339
340
341
342
343
344
345
346
348
350
351
352
353
354
355
356
358
359
360
361
362
363
365
366
367
368
372
373
374
375
376
377
379
380
383
384
385
386
389
390
392
394