397
398
399
400
401
403
404
406
407
409
412
414
415
416
417
418
419
422
423
424
425
426
427
428
429
430
432
433
434
435
436
438
439
440
441
443
444
446
447
448
449
450
451
452
454
456
457
458
459
461
462
463
464
467
468
470
472
474
475
476
477
478
480
481
483
484
485
486
487
488
489
490
491
492
494
495
498
499
500
501
504
505
506
509
510
511
512
513
515
516
517
518
519
520
521
523
525
527
528
529
530
531
532
533
534
535
536
537
539
540
541
542
543
544
546
548
549
550
551
552
557
559
560
561
564
565
566
567
572
577
580
581
582
583
585
586
589
590
591
594
595
596
597
598
599
600
601
602
606
607
610
611
612
614
615
616
617
618
619
620
621
622
623
624
625
626
628
629
633
634
636
637
638
639
641
642
645
646
647
648
649
650
651
652
655
656
658
660
661
662
663
664
665
666
667
668
670
672
673
674
675
677
678
680
682
683
687
689
692
693
694
695
697
698
700
701
703
704
705
708
710
711
713
714
716
717
718
719
721
722
723
725
726
727
728
729
730
737
739
740
741
742
743
744
745
747
750
751
752
753
755
757
758
759
760
761
762
763
764
765
766
767
768
769
770
772
774
779
781
782
784
789
792
793
794
795
796
797
799
800