1
2
3
5
6
7
9
10
11
13
14
16
17
18
19
20
21
22
25
26
27
29
30
32
33
34
35
36
37
39
40
42
43
44
45
47
48
49
51
54
56
57
58
59
60
61
63
64
65
66
67
68
71
72
74
76
77
78
79
80
82
83
84
85
87
88
89
91
95
96
97
98
99
101
102
107
108
109
111
112
114
115
116
119
121
124
125
126
128
129
130
132
133
135
136
137
138
141
142
143
145
146
147
148
150
152
153
154
157
158
160
163
164
165
166
168
169
170
172
173
174
176
177
179
180
181
183
185
189
190
193
194
195
196
197
199
200
201
202
203
204
205
206
207
208
209
211
212
213
215
216
217
219
220
221
222
223
225
226
228
230
231
232
233
234
235
236
238
239
240
241
243
244
246
247
248
249
250
251
252
255
256
257
259
260
262
263
264
265
266
267
268
270
271
273
275
276
277
279
281
282
283
284
285
286
287
288
289
290
291
293
294
295
296
297
298
299
300
301
302
303
304
305
307
308
309
310
311
312
313
314
315
316
317
319
321
325
326
332
333
334
335
337
340
342
343
345
346
347
348
350
351
352
353
354
356
358
361
362
363
364
366
370
371
373
374
375
376
377
378
379
381
384
387
388
389
391
392
394
395