399
401
403
404
405
408
412
413
415
421
423
424
427
431
432
438
439
440
442
444
447
452
456
457
459
461
468
471
472
476
477
481
493
495
496
500
501
504
507
509
511
512
513
518
520
530
531
532
535
540
541
542
543
544
547
548
551
553
554
555
559
566
568
569
575
576
577
580
586
591
595
601
602
606
611
615
619
623
624
626
638
642
645
649
650
652
656
660
662
663
666
675
676
677
681
684
685
686
688
692
694
698
699
711
712
713
720
721
722
723
728
731
739
740
743
744
747
748
749
751
755
756
757
760
764
765
768
769
772
773
775
776
781
784
785
788
789
793
798
799