2
4
5
7
11
14
19
20
22
23
25
31
32
33
36
37
40
41
42
44
46
49
52
59
61
66
67
68
71
72
77
81
84
86
87
95
98
99
103
104
105
107
111
113
114
115
122
123
124
127
130
131
133
136
138
143
146
150
151
154
157
159
160
161
162
165
166
167
171
172
173
176
177
186
190
192
195
199
203
204
205
207
210
211
212
213
216
218
225
226
230
232
239
242
249
250
251
252
255
259
262
264
268
269
270
271
273
275
279
282
289
295
303
304
308
314
315
320
328
329
333
336
346
349
350
352
353
356
357
359
362
366
369
370
371
375
377
380
382
390