397
398
401
403
405
407
408
409
410
411
412
413
415
416
418
419
421
422
423
424
425
427
428
429
430
431
432
434
435
436
437
438
440
442
444
445
448
449
450
451
452
453
454
455
457
458
459
460
461
462
463
467
468
469
470
472
473
474
476
478
480
483
485
486
490
491
493
495
499
500
501
502
503
505
508
509
510
511
512
513
515
516
517
521
522
523
524
525
526
527
528
529
531
532
533
534
535
537
538
539
541
542
546
547
548
549
550
551
552
554
555
556
557
558
559
560
561
563
564
566
567
568
571
572
573
574
577
580
581
582
583
584
585
586
589
590
591
593
594
595
596
597
599
601
602
606
607
608
610
611
612
613
615
616
618
619
620
621
622
623
624
625
629
630
631
632
634
635
636
637
638
639
640
642
646
649
650
651
652
654
655
656
657
659
660
661
662
663
665
666
667
668
670
671
672
673
676
677
678
679
682
684
685
686
690
691
692
693
694
696
700
701
703
704
706
707
708
709
710
711
712
713
714
715
717
719
720
721
723
725
726
727
728
729
730
731
732
733
734
735
737
738
739
740
741
742
743
745
746
747
748
750
753
756
762
763
764
765
766
768
771
772
773
774
775
777
778
779
780
781
783
784
785
790
791
793
794
797
799
800